33
0	-0.00104396	-0.000695168	-0.000458921	-0.000261543	-0.00010069	2.09907e-05	0.000103595	0.000151165	0.00017113	0.000172986	0.000166777	0.000161725	0.000165183	0.000181952	0.000213945	0.000260176	0.000316998	0.000378554	0.00043737	0.000485042	0.000512971	0.000513066	0.000478348	0.000403447	0.000285127	0.000123769	-7.28557e-05	-0.000278999	-0.000439269	-0.000465422	-0.000328841	1	
0	-0.00128028	-0.00136598	-0.00159066	-0.0020211	-0.00257217	-0.0031651	-0.00373991	-0.00425004	-0.00465822	-0.00493501	-0.00505887	-0.00501703	-0.00480657	-0.00443515	-0.00392134	-0.00329429	-0.00259291	-0.00186501	-0.00116696	-0.000564873	-0.000138982	6.51734e-06	-0.000276041	-0.00121244	-0.00316095	-0.00667537	-0.0124958	-0.0210714	-0.0296816	-0.0159982	0.156142	1	
0	-0.000512558	-0.0016167	-0.00312893	-0.00492734	-0.00684351	-0.00871979	-0.0104297	-0.0118776	-0.0129939	-0.0137301	-0.0140571	-0.0139641	-0.0134599	-0.0125729	-0.0113522	-0.00986646	-0.00820311	-0.00646686	-0.00477976	-0.00328441	-0.00215296	-0.00160565	-0.00194328	-0.00359498	-0.00716647	-0.0134059	-0.0227764	-0.0335411	-0.0345918	0.0197817	0.277666	1	
0	-0.000255643	-0.0023221	-0.00535983	-0.0088697	-0.0124899	-0.0159467	-0.0190381	-0.0216199	-0.0235931	-0.0248943	-0.0254893	-0.0253715	-0.0245619	-0.0231106	-0.0210972	-0.018631	-0.015849	-0.0129141	-0.0100143	-0.00736604	-0.00522365	-0.00389852	-0.00378816	-0.00540607	-0.00936672	-0.0161634	-0.0252316	-0.0318056	-0.0175904	0.0728335	0.364714	1	
0	-0.000569883	-0.00376817	-0.00843761	-0.0137747	-0.0192113	-0.0243454	-0.0288971	-0.0326775	-0.035563	-0.0374782	-0.0383851	-0.0382794	-0.0371913	-0.0351875	-0.0323737	-0.0288942	-0.0249301	-0.0206958	-0.0164365	-0.0124281	-0.00898359	-0.00646461	-0.00529633	-0.00596332	-0.00891657	-0.0141735	-0.0199952	-0.0190445	0.0112915	0.127429	0.429986	1	
0	-0.00142554	-0.00599672	-0.0123722	-0.0195408	-0.0267697	-0.0335464	-0.0395255	-0.0444818	-0.0482727	-0.0508128	-0.0520584	-0.0520033	-0.0506799	-0.0481642	-0.0445798	-0.0400983	-0.0349368	-0.0293522	-0.0236349	-0.0181039	-0.013106	-0.00901695	-0.00623772	-0.00515588	-0.00598591	-0.00823703	-0.00914656	0.000455016	0.0452352	0.17878	0.481588	1	
0	-0.00277546	-0.00894978	-0.0170786	-0.0260233	-0.0349426	-0.0432499	-0.0505567	-0.0566148	-0.0612693	-0.064425	-0.0660283	-0.0660633	-0.0645558	-0.0615814	-0.0572722	-0.051819	-0.0454669	-0.0385072	-0.0312654	-0.0240903	-0.0173445	-0.0113939	-0.006587	-0.00318748	-0.0011642	0.000432528	0.00518006	0.0234565	0.0805486	0.225867	0.524077	1	
0	-0.00454338	-0.0125104	-0.0224065	-0.0330323	-0.0434962	-0.0531806	-0.0616818	-0.0687453	-0.0742096	-0.0779683	-0.0799511	-0.0801225	-0.0784901	-0.075118	-0.0701376	-0.0637508	-0.0562247	-0.047879	-0.0390686	-0.0301645	-0.0215354	-0.0135266	-0.00642392	-0.000364837	0.00491031	0.0107467	0.021359	0.0478843	0.115376	0.268773	0.560038	1	
0	-0.00663863	-0.0165251	-0.0281584	-0.0403366	-0.0521731	-0.0630624	-0.0726154	-0.0805863	-0.0868122	-0.0911717	-0.093569	-0.0939363	-0.0922502	-0.0885515	-0.0829608	-0.0756842	-0.0670063	-0.0572731	-0.046867	-0.0361796	-0.025584	-0.0154033	-0.00586219	0.00302034	0.0117109	0.0218977	0.0383018	0.0725041	0.148823	0.307842	0.590992	1	
0	-0.00896108	-0.0208155	-0.0341023	-0.0476715	-0.060692	-0.0726106	-0.0830784	-0.0918721	-0.0988289	-0.103807	-0.106674	-0.107315	-0.105663	-0.101723	-0.0955935	-0.0874796	-0.0776801	-0.0665672	-0.0545529	-0.0420528	-0.0294481	-0.0170448	-0.00501321	0.00673594	0.0188585	0.0333478	0.055335	0.0966192	0.180486	0.343449	0.617879	1	
0	-0.0114007	-0.0251844	-0.0399831	-0.054751	-0.0687577	-0.0815358	-0.0927976	-0.10235	-0.110031	-0.115669	-0.119083	-0.120099	-0.118589	-0.114509	-0.107929	-0.0990445	-0.0881664	-0.0756942	-0.0620741	-0.0477521	-0.0331256	-0.0184916	-0.00397499	0.0106119	0.0261015	0.0447646	0.0720667	0.119856	0.210208	0.375942	0.641294	1	
0	-0.0138378	-0.0294218	-0.0455348	-0.0612831	-0.0760754	-0.0895555	-0.101511	-0.111783	-0.120204	-0.126566	-0.130627	-0.132138	-0.130899	-0.126805	-0.119885	-0.110317	-0.0984218	-0.0846285	-0.0694221	-0.0532872	-0.0366469	-0.0198001	-0.00283568	0.0145242	0.0332783	0.0559514	0.0882792	0.142024	0.237957	0.405637	0.661625	1	
0	-0.0161465	-0.0333148	-0.0504949	-0.0669872	-0.0823673	-0.096407	-0.108975	-0.119946	-0.129144	-0.136313	-0.141138	-0.143286	-0.14247	-0.138512	-0.131387	-0.121252	-0.10843	-0.0933778	-0.0766252	-0.0587037	-0.0400734	-0.0210457	-0.00168371	0.0183722	0.0402782	0.0667888	0.103852	0.163032	0.263758	0.432831	0.679121	1	
0	-0.0182004	-0.036659	-0.0546205	-0.07161	-0.0873874	-0.101859	-0.114974	-0.126639	-0.13666	-0.144728	-0.150447	-0.153388	-0.15317	-0.149526	-0.142369	-0.131818	-0.118193	-0.101977	-0.0837448	-0.0640824	-0.0434981	-0.022328	-0.000620163	0.0220582	0.0470088	0.0771901	0.118706	0.182833	0.287655	0.457814	0.693944	1	
0	-0.0198805	-0.0392711	-0.0577027	-0.0749405	-0.0909328	-0.105718	-0.119324	-0.131679	-0.14257	-0.15163	-0.158376	-0.16228	-0.162854	-0.159734	-0.152755	-0.141986	-0.12773	-0.110485	-0.0908731	-0.0695391	-0.0470497	-0.0237787	0.000228923	0.0254675	0.05337	0.0870685	0.13277	0.201385	0.309686	0.48089	0.706217	1	
0	-0.0210844	-0.041002	-0.0595792	-0.0768197	-0.0928522	-0.107838	-0.121872	-0.134905	-0.1467	-0.156832	-0.164735	-0.169777	-0.171356	-0.169002	-0.162457	-0.15172	-0.13706	-0.118977	-0.0981296	-0.0752244	-0.0508955	-0.0255679	0.000701271	0.0284532	0.0592328	0.0963114	0.145951	0.218627	0.329866	0.502399	0.716093	1	
0	-0.0217338	-0.0417464	-0.060144	-0.0771488	-0.0930498	-0.108116	-0.122501	-0.136175	-0.148881	-0.160144	-0.169316	-0.175665	-0.178477	-0.177163	-0.171354	-0.160962	-0.146194	-0.127531	-0.105652	-0.08132	-0.0552426	-0.0279106	0.000588362	0.0308217	0.0644215	0.104759	0.158107	0.234451	0.348166	0.522761	0.723877	1	
0	-0.0217819	-0.0414518	-0.0593541	-0.075893	-0.0914894	-0.1065	-0.121131	-0.135371	-0.148953	-0.161363	-0.171887	-0.1797	-0.183973	-0.183997	-0.179276	-0.169606	-0.155108	-0.136208	-0.113581	-0.0880296	-0.0603358	-0.0310697	-0.000373093	0.0323203	0.0686968	0.112184	0.169027	0.248678	0.364498	0.542544	0.730211	1	
0	-0.0212187	-0.0401232	-0.057233	-0.0730853	-0.0881969	-0.102992	-0.117722	-0.1324	-0.146766	-0.160285	-0.172195	-0.181593	-0.187546	-0.189217	-0.185974	-0.177473	-0.163711	-0.145021	-0.122033	-0.0955602	-0.0664477	-0.0353558	-0.00250768	0.0326248	0.0717394	0.118268	0.1784	0.261029	0.378689	0.562561	0.736346	1	
0	-0.0200732	-0.0378256	-0.0538732	-0.068828	-0.0832643	-0.0976524	-0.112285	-0.127211	-0.142194	-0.156707	-0.169967	-0.181016	-0.188831	-0.192452	-0.1911	-0.184272	-0.171803	-0.153889	-0.131058	-0.104089	-0.0738592	-0.0411196	-0.00620418	0.0313291	0.0731321	0.12258	0.185784	0.27109	0.390471	0.584036	0.744428	1	
0	-0.0184145	-0.0346834	-0.0494339	-0.063293	-0.0768533	-0.0906114	-0.104897	-0.119807	-0.135155	-0.150452	-0.16493	-0.177608	-0.187399	-0.193232	-0.19418	-0.189564	-0.17903	-0.162582	-0.140584	-0.113712	-0.0828209	-0.0487313	-0.011911	0.0279381	0.0723456	0.124552	0.190583	0.278296	0.399489	0.608821	0.757612	1	
0	-0.0163486	-0.0308752	-0.0441373	-0.0567204	-0.0691991	-0.0820768	-0.0957173	-0.110276	-0.12564	-0.141398	-0.156839	-0.171003	-0.182772	-0.190991	-0.194598	-0.192734	-0.184828	-0.17065	-0.150335	-0.124365	-0.0934882	-0.0585381	-0.0201167	0.0218714	0.0687338	0.123475	0.192037	0.281947	0.405362	0.63964	0.779697	1	
0	-0.0140121	-0.0266246	-0.0382586	-0.0494119	-0.0606099	-0.072344	-0.0850053	-0.0988141	-0.113755	-0.129529	-0.14553	-0.160871	-0.174457	-0.185092	-0.191603	-0.192964	-0.188382	-0.177359	-0.159739	-0.135718	-0.105821	-0.0707857	-0.0313024	0.012487	0.0615504	0.118518	0.189279	0.281303	0.407841	0.680207	0.814082	1	
0	-0.0115619	-0.022185	-0.0321108	-0.0417181	-0.0514597	-0.0617976	-0.0731382	-0.0857651	-0.0997711	-0.114998	-0.130992	-0.147004	-0.162026	-0.174881	-0.184343	-0.189248	-0.188597	-0.181618	-0.167823	-0.147038	-0.11943	-0.0854844	-0.0458472	-0.000858473	0.0500018	0.108807	0.181453	0.27578	0.407066	0.73488	0.862263	1	
0	-0.0091617	-0.0178193	-0.0260214	-0.034016	-0.0421704	-0.050901	-0.0606122	-0.0716354	-0.0841661	-0.0981988	-0.113471	-0.129427	-0.145229	-0.159807	-0.171956	-0.180445	-0.184113	-0.181943	-0.173111	-0.157026	-0.13337	-0.102189	-0.0638481	-0.0186903	0.0333384	0.0935489	0.167945	0.265263	0.403906	0.807465	0.922645	1	
0	-0.00696639	-0.0137758	-0.0203036	-0.0266781	-0.0331801	-0.0401684	-0.0480229	-0.0570949	-0.0676552	-0.0798372	-0.0935767	-0.108559	-0.124191	-0.139613	-0.153755	-0.165425	-0.173395	-0.176473	-0.173555	-0.163636	-0.145859	-0.119651	-0.0847829	-0.0411744	0.0109898	0.0721517	0.148641	0.250497	0.40024	0.89904	0.990248	1	
0	-0.00510508	-0.0102601	-0.0152219	-0.0200328	-0.0248997	-0.0301168	-0.0360168	-0.042934	-0.0511693	-0.0609489	-0.0723756	-0.0853751	-0.0996472	-0.114638	-0.129548	-0.143375	-0.154973	-0.163119	-0.166548	-0.163942	-0.153942	-0.135299	-0.10689	-0.0675821	-0.0171756	0.0442632	0.124042	0.233382	0.398955	1.00538	1.05705	1	
0	-0.00366516	-0.00740799	-0.0109564	-0.0143224	-0.0176618	-0.0212032	-0.0252132	-0.0299737	-0.0357627	-0.0428322	-0.0513794	-0.0615089	-0.0731895	-0.0862103	-0.100149	-0.114362	-0.127994	-0.140008	-0.149201	-0.154157	-0.153212	-0.144575	-0.126114	-0.0951375	-0.0500284	0.00982587	0.0948842	0.216743	0.403078	1.11449	1.11204	1	
0	-0.00268067	-0.00525827	-0.00756975	-0.00966626	-0.0116751	-0.0137616	-0.0161147	-0.0189393	-0.0224481	-0.0268544	-0.0323599	-0.0391402	-0.0473223	-0.0569578	-0.0679895	-0.0802175	-0.0932666	-0.106555	-0.119265	-0.130252	-0.137953	-0.140376	-0.13477	-0.116801	-0.0829073	-0.029471	0.0610075	0.202338	0.41276	1.20322	1.14013	1	
0	-0.00212131	-0.00371916	-0.00497963	-0.00603791	-0.00699657	-0.00795708	-0.00902984	-0.0103351	-0.0120019	-0.0141661	-0.0169689	-0.0205544	-0.0250657	-0.0306398	-0.0374011	-0.0454516	-0.0548547	-0.065597	-0.0775258	-0.0902416	-0.102855	-0.113873	-0.120669	-0.11892	-0.102015	-0.0647652	0.0224876	0.183487	0.416306	1.23154	1.1187	1	
0	-0.00176647	-0.00250321	-0.00294887	-0.00327387	-0.00353513	-0.00377406	-0.00403421	-0.00436343	-0.00481388	-0.00544223	-0.00631027	-0.00748577	-0.00904354	-0.0110668	-0.0136494	-0.0169012	-0.0209612	-0.026008	-0.0322783	-0.040081	-0.0495943	-0.0603907	-0.0716713	-0.0805955	-0.0816839	-0.0618361	-0.0142224	0.141984	0.367742	1.13389	0.998431	1	
0	-0.00110753	-0.00116116	-0.00116122	-0.00113751	-0.00109551	-0.00104007	-0.000975198	-0.000904473	-0.000831427	-0.000759984	-0.000694961	-0.000642536	-0.000610612	-0.000608859	-0.00064767	-0.000736555	-0.000883247	-0.00108239	-0.00130074	-0.00151521	-0.00165489	-0.00134663	-0.000513874	-0.000129888	0.00271136	0.0150031	0.03325	0.0507356	0.262731	0.731648	0.546913	1	
0	0.00110753	0.00116116	0.00116122	0.00113751	0.00109551	0.00104007	0.000975198	0.000904473	0.000831427	0.000759984	0.000694961	0.000642536	0.000610612	0.000608859	0.00064767	0.000736555	0.000883247	0.00108239	0.00130074	0.00151521	0.00165489	0.00134663	0.000513874	0.000129888	-0.00271136	-0.0150031	-0.03325	-0.0507356	-0.262731	-0.731648	-0.546913	1	
0	0	0	0	0	0	0	0	0	0	0	0	0	0	0	0	0	0	0	0	0	0	0	0	0	0	0	0	0	0	0	0	-0	
-0.00102603	-0.00209761	-0.00241472	-0.00195796	-0.000604219	0.00168792	0.00487503	0.00885222	0.0134751	0.0185772	0.0239826	0.0295166	0.0350121	0.0403162	0.0452946	0.0498362	0.0538567	0.0573022	0.0601532	0.0624291	0.0641959	0.0655802	0.0667947	0.0681841	0.0703085	0.0740821	0.0809798	0.0932464	0.113643	0.142326	0.157197	0.000117997	-0.000117997	
-9.21573e-05	-0.00179905	-0.00244354	-0.00159822	0.000828121	0.00481648	0.0102551	0.0169591	0.024694	0.033198	0.0421993	0.0514285	0.060629	0.0695635	0.0780213	0.0858237	0.0928301	0.098943	0.104114	0.108352	0.111729	0.114404	0.116637	0.11884	0.121622	0.125843	0.132564	0.142595	0.154591	0.158873	0.122356	5.93175e-05	-5.93175e-05	
-0.000237463	-0.00142113	-0.00162289	-0.000147908	0.00321066	0.00844176	0.0154024	0.0238648	0.0335503	0.0441547	0.0553663	0.066878	0.0783962	0.0896472	0.100383	0.110388	0.119483	0.127534	0.134456	0.140219	0.144859	0.14848	0.151272	0.153516	0.155572	0.157816	0.160378	0.162386	0.159967	0.142115	0.0881032	2.36821e-05	-2.36821e-05	
-0.000290922	-0.00100859	-0.000558761	0.00165199	0.00583239	0.0119703	0.0199116	0.0294162	0.0401967	0.0519447	0.0643473	0.077097	0.0898974	0.102468	0.114549	0.125905	0.136332	0.145665	0.153778	0.160592	0.166076	0.170245	0.173157	0.174891	0.175495	0.17486	0.172412	0.166434	0.152657	0.12257	0.0666866	-1.26409e-05	1.26409e-05	
-0.000313993	-0.000620737	0.000486933	0.00341247	0.00828533	0.0150622	0.0235802	0.0336048	0.044864	0.0570715	0.0699387	0.0831808	0.0965188	0.109682	0.122412	0.134466	0.145623	0.155689	0.1645	0.171926	0.177864	0.182235	0.184961	0.185936	0.184952	0.181575	0.174875	0.162935	0.14202	0.106459	0.0534613	-9.46204e-05	9.46204e-05	
-0.000344838	-0.000294323	0.0014041	0.00494917	0.0103584	0.0175382	0.0263152	0.0364704	0.0477635	0.0599471	0.072773	0.0859923	0.0993542	0.112606	0.125496	0.137778	0.149216	0.159593	0.168713	0.176396	0.182481	0.186804	0.189184	0.189375	0.18701	0.181482	0.171743	0.155975	0.131158	0.0938373	0.044795	-0.000284452	0.000284452	
-0.000372754	-2.41441e-05	0.00216184	0.00618693	0.0119518	0.019308	0.0280742	0.0380549	0.0490522	0.0608688	0.073306	0.0861576	0.0992048	0.112215	0.124944	0.137141	0.148558	0.158957	0.168109	0.175801	0.181822	0.185952	0.187936	0.187449	0.184038	0.177033	0.165386	0.147466	0.120882	0.0837407	0.0386872	-0.000642754	0.000642754	
-0.000390574	0.000205071	0.00275993	0.00709931	0.0130194	0.0203254	0.0288363	0.0383893	0.0488369	0.0600388	0.0718503	0.0841098	0.0966308	0.109199	0.121575	0.133503	0.144719	0.154964	0.163985	0.171538	0.177381	0.181257	0.182874	0.181868	0.177758	0.169866	0.157192	0.138298	0.111277	0.0753349	0.0340854	-0.00125013	0.00125013	
-0.00039438	0.00040509	0.00320264	0.00767489	0.0135368	0.0205653	0.0285931	0.0374998	0.0471951	0.0575995	0.0686229	0.080148	0.0920179	0.104034	0.115957	0.127524	0.138454	0.148464	0.157281	0.164637	0.170268	0.1739	0.175226	0.173875	0.169367	0.161049	0.147983	0.1289	0.102257	0.0680592	0.0304372	-0.00222529	0.00222529	
-0.000381276	0.000580368	0.00348816	0.0079031	0.0134888	0.0200166	0.0273495	0.0354189	0.0441965	0.0536642	0.0637857	0.0744851	0.0856325	0.097041	0.108472	0.119649	0.130272	0.140038	0.148648	0.155817	0.161266	0.164714	0.165856	0.164329	0.159676	0.151276	0.138255	0.119496	0.0937221	0.0615689	0.0274637	-0.00373741	0.00373741	
-0.000349808	0.000727707	0.00360729	0.00777231	0.0128676	0.0186838	0.0251292	0.032195	0.039917	0.0483371	0.0574703	0.0672792	0.0776589	0.0884334	0.0993625	0.110156	0.120496	0.130053	0.138506	0.14555	0.150895	0.154259	0.155344	0.153806	0.149215	0.140987	0.128311	0.110213	0.0856025	0.0556621	0.0250474	-0.00602889	0.00602889	
-0.000300363	0.000838162	0.00354727	0.0072744	0.0116784	0.0165912	0.021979	0.0278972	0.0344449	0.0417213	0.0497895	0.0586489	0.0682197	0.0783381	0.0887638	0.099196	0.109296	0.118709	0.127089	0.13411	0.139468	0.142877	0.144049	0.142662	0.138311	0.130453	0.118338	0.10113	0.0778563	0.0502276	0.0231788	-0.0094456	0.0094456	
-0.000235126	0.00090029	0.00329768	0.00641164	0.00994459	0.0137876	0.0179718	0.0226173	0.0278832	0.0339221	0.040843	0.0486825	0.0573884	0.0668143	0.0767251	0.0868133	0.0967221	0.106072	0.114487	0.121613	0.127129	0.13074	0.132164	0.131092	0.12715	0.119828	0.10844	0.0922953	0.0704611	0.0452127	0.0219383	-0.0144774	0.0144774	
-0.000157741	0.000903779	0.00285637	0.00520303	0.00771377	0.0103497	0.0132085	0.016471	0.0203509	0.0250505	0.0307234	0.0374466	0.045202	0.0538685	0.0632261	0.0729684	0.0827259	0.0920938	0.100663	0.108044	0.113888	0.117883	0.119742	0.119166	0.115802	0.109175	0.0986658	0.0837366	0.0634086	0.0406081	0.0215004	-0.0218136	0.0218136	
-7.27707e-05	0.000842676	0.00223413	0.00368874	0.00506047	0.0063839	0.007819	0.00959976	0.0119876	0.0152303	0.0195272	0.0250009	0.0316771	0.039473	0.0481965	0.057555	0.0671747	0.0766287	0.0854712	0.0932704	0.0996342	0.104219	0.106722	0.106843	0.104245	0.0984855	0.0890158	0.0754664	0.056704	0.0364475	0.0221578	-0.0324172	0.0324172	
1.49097e-05	0.000717746	0.00145746	0.00193242	0.00208796	0.00202818	0.00196564	0.00217666	0.00296197	0.00461125	0.00737136	0.0114182	0.0168339	0.02359	0.0315404	0.040423	0.0498735	0.0594506	0.0686715	0.0770518	0.0841421	0.089549	0.092934	0.0939846	0.0923739	0.0876841	0.0794483	0.0674872	0.0503743	0.032818	0.0243646	-0.0476225	0.0476225	
0.000100659	0.000537741	0.000569465	2.12775e-05	-0.00107188	-0.00254716	-0.0041538	-0.0055867	-0.00651576	-0.0066137	-0.00558388	-0.00318828	0.00072602	0.0062042	0.0131677	0.0214077	0.0305894	0.0402714	0.0499389	0.0590488	0.0670778	0.0735603	0.0781006	0.0803546	0.0799964	0.0766312	0.0698831	0.0597998	0.0444831	0.0298788	0.028791	-0.069253	0.069253	
0.000180482	0.000319523	-0.000371162	-0.00193574	-0.00426013	-0.00713934	-0.0103024	-0.0134318	-0.0161798	-0.0181877	-0.019108	-0.0186326	-0.0165225	-0.0126384	-0.00696547	0.000368179	0.00908534	0.0187678	0.0288831	0.0388303	0.0479986	0.0558251	0.0618284	0.0656094	0.066832	0.0651187	0.0602014	0.052411	0.0391489	0.0278756	0.0363695	-0.0997371	0.0997371	
0.000251271	8.70914e-05	-0.00129296	-0.00381209	-0.007295	-0.0115154	-0.016203	-0.0210463	-0.0256953	-0.0297688	-0.0328714	-0.0346192	-0.0346742	-0.0327815	-0.0288057	-0.022761	-0.0148316	-0.00537778	0.00507814	0.0158911	0.0263578	0.0357945	0.0435999	0.0492894	0.0524998	0.0528631	0.0502424	0.0453352	0.0345558	0.0271223	0.0482712	-0.142152	0.142152	
0.000310923	-0.000130438	-0.00211646	-0.00547044	-0.00997936	-0.0154189	-0.0215416	-0.0280632	-0.0346497	-0.0409127	-0.0464171	-0.0507045	-0.0533288	-0.0539013	-0.0521379	-0.0479024	-0.041243	-0.0324152	-0.0218868	-0.0103134	0.00152206	0.0128004	0.0227646	0.0308047	0.0365044	0.0394915	0.0397899	0.038578	0.0309296	0.0279071	0.065716	-0.200059	0.200059	
0.000358343	-0.000301803	-0.00276092	-0.00677278	-0.0121131	-0.0185827	-0.0259793	-0.034068	-0.0425538	-0.051063	-0.0591392	-0.06626	-0.0718717	-0.0754397	-0.0765063	-0.0747476	-0.0700266	-0.062436	-0.0523254	-0.040302	-0.0271874	-0.0139271	-0.00146294	0.00942362	0.0182202	0.0245211	0.0285433	0.0320839	0.0284483	0.0302746	0.0895291	-0.276946	0.276946	
0.000393402	-0.000397325	-0.00315287	-0.00759393	-0.0135111	-0.0207511	-0.0291758	-0.0386217	-0.0488592	-0.0595593	-0.0702751	-0.0804455	-0.0894245	-0.0965324	-0.101121	-0.102645	-0.100732	-0.0952439	-0.0863302	-0.074461	-0.0604146	-0.0452143	-0.0299888	-0.0157353	-0.00312907	0.00732628	0.0160659	0.0256387	0.0270573	0.0336789	0.119517	-0.375216	0.375216	
0.000416863	-0.000393055	-0.00323598	-0.00783777	-0.0140268	-0.0217099	-0.0308265	-0.0413023	-0.0529999	-0.065672	-0.0789252	-0.0922053	-0.104811	-0.11594	-0.124755	-0.130468	-0.132422	-0.130178	-0.123591	-0.112875	-0.0986333	-0.0818573	-0.063807	-0.0457102	-0.0285023	-0.0129171	0.00170111	0.0187269	0.0261882	0.0365829	0.153993	-0.49493	0.49493	
0.000430247	-0.000274767	-0.0029808	-0.00745466	-0.0135785	-0.0213247	-0.0307134	-0.0417683	-0.0544656	-0.0686776	-0.0841196	-0.100311	-0.116564	-0.132007	-0.145648	-0.156458	-0.16347	-0.165877	-0.16314	-0.155073	-0.141929	-0.124475	-0.103947	-0.0817302	-0.0591298	-0.0373533	-0.0155684	0.0103495	0.0243996	0.0361328	0.189841	-0.632762	0.632762	
0.000435625	-4.11171e-05	-0.00239312	-0.0064571	-0.0121757	-0.0195808	-0.0287634	-0.0398398	-0.0529067	-0.0679845	-0.0849523	-0.103485	-0.123007	-0.142682	-0.161448	-0.178088	-0.191334	-0.199977	-0.202996	-0.199661	-0.189655	-0.173258	-0.151381	-0.125308	-0.0967541	-0.0677562	-0.0374112	-0.00124035	0.0189421	0.0280563	0.223019	-0.781311	0.781311	
0.000435541	0.000294632	-0.0015192	-0.00493085	-0.00993874	-0.0166165	-0.0251026	-0.035583	-0.0482601	-0.0633058	-0.0807971	-0.100639	-0.122488	-0.145694	-0.16928	-0.191982	-0.212321	-0.228725	-0.239658	-0.243728	-0.239837	-0.227471	-0.206762	-0.17834	-0.144123	-0.107263	-0.0668464	-0.0190775	0.00515504	0.00685146	0.248959	-0.928542	0.928542	
0.00043326	0.000704044	-0.000448086	-0.00303992	-0.00710807	-0.0127404	-0.0200894	-0.0293729	-0.0408606	-0.0548435	-0.0715852	-0.0912514	-0.113821	-0.138991	-0.1661	-0.194087	-0.221501	-0.246591	-0.26741	-0.281901	-0.288066	-0.284336	-0.269527	-0.242783	-0.20551	-0.161745	-0.109869	-0.0488453	-0.0246244	-0.0340912	0.262443	-1.05708	1.05708	
0.000428754	0.00114175	0.000686234	-0.00102745	-0.00404149	-0.00842535	-0.0143105	-0.0219041	-0.0314888	-0.0434107	-0.0580525	-0.0757888	-0.0969172	-0.121566	-0.149588	-0.18045	-0.213146	-0.246177	-0.277581	-0.304923	-0.32546	-0.33654	-0.335304	-0.318474	-0.285942	-0.240965	-0.178725	-0.102326	-0.0833585	-0.103393	0.257184	-1.14305	1.14305	
0.00041343	0.00154379	0.00169647	0.000780894	-0.00120337	-0.00428061	-0.00853663	-0.0141334	-0.0213147	-0.0304056	-0.0418054	-0.0559701	-0.0733812	-0.0944962	-0.119676	-0.149083	-0.182559	-0.219499	-0.258729	-0.298305	-0.335546	-0.367375	-0.38951	-0.396245	-0.384588	-0.355729	-0.294749	-0.205458	-0.193768	-0.213252	0.22471	-1.15277	1.15277	
0.000469169	0.00182554	0.00230668	0.00195863	0.000847408	-0.00100793	-0.00364542	-0.00716629	-0.0117405	-0.0176111	-0.0250961	-0.0345881	-0.0465495	-0.0615028	-0.0800154	-0.102675	-0.130049	-0.162637	-0.200762	-0.24429	-0.292448	-0.343755	-0.394879	-0.439454	-0.473518	-0.492626	-0.478336	-0.399264	-0.396772	-0.382724	0.14667	-1.03277	1.03277	
0.00066764	0.0016725	0.00202482	0.00193653	0.00147249	0.000653552	-0.000529752	-0.00212101	-0.00420316	-0.00690284	-0.010394	-0.0149011	-0.0207022	-0.0281322	-0.037589	-0.0495433	-0.064557	-0.0833326	-0.106793	-0.136146	-0.173049	-0.219822	-0.278477	-0.349396	-0.432577	-0.528246	-0.615665	-0.669966	-0.67848	-0.724844	-0.0331291	-0.684318	0.684318	
0	0	0	0	0	0	0	0	0	0	0	0	0	0	0	0	0	0	0	0	0	0	0	0	0	0	0	0	0	0	0	0	-0	
0	0.0148273	0.0159549	0.0166749	0.0174007	0.0180751	0.0186209	0.0189627	0.0190357	0.0187908	0.018196	0.0172364	0.0159133	0.0142423	0.0122512	0.00997762	0.00746628	0.00476665	0.00193023	-0.0009919	-0.00395153	-0.00690595	-0.00982123	-0.0126776	-0.0154803	-0.0182861	-0.0212711	-0.0249135	-0.0305063	-0.0416681	-0.0691105	-0.303734	-0.0394722	
0.0148996	0.015482	0.0160665	0.0166171	0.0171613	0.0176596	0.0180485	0.0182612	0.018237	0.0179275	0.0172994	0.016335	0.015032	0.013402	0.0114688	0.00926557	0.00683277	0.00421546	0.00146066	-0.00138546	-0.00428048	-0.00718947	-0.0100902	-0.0129819	-0.0159025	-0.0189636	-0.0224322	-0.0269182	-0.0338239	-0.0463684	-0.0714728	-0.124191	-0.0924014	
0.0163658	0.0158674	0.0160444	0.0163987	0.0168026	0.0171836	0.0174735	0.0176061	0.0175217	0.0171719	0.0165221	0.0155531	0.0142609	0.012655	0.0107569	0.00859771	0.006216	0.00365481	0.000959239	-0.00182642	-0.00466171	-0.00751369	-0.0103619	-0.013206	-0.0160785	-0.0190681	-0.0223647	-0.0263429	-0.0316846	-0.0393503	-0.0492771	-0.0529628	-0.0294555	
0.0158168	0.0156428	0.0157783	0.0160458	0.0163646	0.0166697	0.0168943	0.016973	0.0168462	0.0164648	0.0157935	0.014812	0.0135152	0.0119117	0.0100225	0.00787848	0.00551845	0.00298626	0.000328403	-0.00240864	-0.00518097	-0.00795001	-0.0106855	-0.0133691	-0.015999	-0.0185965	-0.0212162	-0.0239591	-0.0269551	-0.0301052	-0.0317974	-0.025013	-0.00898684	
0.0152225	0.0151586	0.0153186	0.0155601	0.0158344	0.0160899	0.016266	0.0162995	0.016132	0.0157147	0.0150122	0.0140038	0.0126841	0.0110617	0.00915802	0.00700517	0.00464388	0.002121	-0.000512896	-0.0032057	-0.00590572	-0.00856302	-0.0111303	-0.0135624	-0.0158152	-0.0178427	-0.0195935	-0.0210066	-0.0219783	-0.02215	-0.0201042	-0.0122323	-0.000547251	
0.0144985	0.014518	0.0147205	0.0149632	0.015214	0.0154317	0.0155623	0.0155469	0.0153296	0.0148632	0.0141133	0.0130597	0.0116973	0.0100353	0.00809625	0.00591421	0.003533	0.00100384	-0.00161685	-0.00426933	-0.00689181	-0.00942085	-0.0117905	-0.0139304	-0.0157618	-0.0171939	-0.0181218	-0.0184268	-0.0179614	-0.0164149	-0.0128832	-0.00577546	0.00333933	
0.0136767	0.0137791	0.0140283	0.014281	0.0145145	0.0146949	0.0147742	0.0146989	0.0144168	0.013884	0.0130678	0.0119495	0.0105246	0.00880342	0.00680987	0.00458059	0.00216307	-0.00038642	-0.00300491	-0.00562442	-0.00817294	-0.0105744	-0.0127473	-0.0146028	-0.0160416	-0.0169534	-0.01722	-0.0167247	-0.0153519	-0.0129071	-0.00890367	-0.00271438	0.00478562	
0.0128203	0.0129929	0.0132815	0.0135407	0.0137531	0.0138895	0.0139074	0.0137583	0.0133954	0.0127784	0.0118774	0.0106753	0.00916911	0.00737013	0.00530423	0.0030108	0.00054132	-0.00204269	-0.00467172	-0.00727006	-0.00975684	-0.0120461	-0.014046	-0.0156575	-0.0167739	-0.0172835	-0.0170781	-0.0160656	-0.0141774	-0.0113188	-0.00727178	-0.00184815	0.00456474	
0.0119747	0.0122025	0.0125162	0.0127714	0.0129535	0.013036	0.0129809	0.0127452	0.012287	0.0115701	0.0105678	0.00926489	0.00765976	0.00576538	0.00360972	0.00123528	-0.00130229	-0.00393618	-0.00659079	-0.00918375	-0.0116274	-0.0138294	-0.0156926	-0.0171154	-0.0179932	-0.0182236	-0.0177167	-0.0164088	-0.0142697	-0.0112703	-0.00735233	-0.00253709	0.0031061	
0.0111783	0.0114464	0.011768	0.0120053	0.0121455	0.0121638	0.012026	0.0116936	0.0111293	0.0103007	0.00918377	0.00776528	0.00604523	0.00403844	0.00177542	-0.000697777	-0.00332099	-0.00602213	-0.00871994	-0.0113266	-0.0137497	-0.0158938	-0.0176611	-0.0189528	-0.0196722	-0.0197308	-0.0190582	-0.0176138	-0.0153929	-0.012403	-0.00868013	-0.00436026	0.000737158	
0.0104678	0.0107608	0.0110719	0.0112769	0.0113644	0.0113105	0.0110836	0.0106489	0.00997248	0.00902477	0.00778374	0.00623779	0.00438846	0.00225269	-0.000135908	-0.00272716	-0.00545583	-0.00824428	-0.0110059	-0.0136482	-0.016076	-0.0181931	-0.0199045	-0.0211178	-0.0217472	-0.0217191	-0.0209806	-0.0195072	-0.0173085	-0.014409	-0.0109051	-0.00701072	-0.00227265	
0.00987777	0.0101792	0.0104622	0.0106222	0.0106486	0.0105182	0.0102006	0.00966319	0.00887395	0.00780476	0.00643452	0.00475247	0.00276148	0.000480829	-0.00205226	-0.00478268	-0.00763931	-0.0105384	-0.0133877	-0.0160906	-0.0185502	-0.0206715	-0.0223641	-0.0235444	-0.0241385	-0.0240873	-0.0233519	-0.0219185	-0.0198035	-0.0170367	-0.0137597	-0.0102564	-0.00568985	
0.00943785	0.00973054	0.00996951	0.0100748	0.010036	0.00982927	0.00942466	0.00878978	0.00789274	0.00670514	0.00520539	0.00338254	0.00124028	-0.00119983	-0.00389644	-0.00678867	-0.00979847	-0.0128349	-0.0157995	-0.0185913	-0.0211118	-0.0232684	-0.0249765	-0.026162	-0.0267633	-0.0267343	-0.0260475	-0.0246957	-0.0226986	-0.0200846	-0.0170381	-0.0139237	-0.00930738	
0.00916992	0.00943674	0.00961868	0.00966331	0.00955947	0.00928179	0.00879907	0.00807753	0.00708348	0.00578634	0.00416231	0.00219892	-0.000100284	-0.0027118	-0.00558994	-0.00866723	-0.0118575	-0.0150613	-0.0181724	-0.0210848	-0.0236981	-0.0259216	-0.0276772	-0.0289003	-0.0295412	-0.0295659	-0.0289558	-0.0277087	-0.0258463	-0.0233925	-0.0205817	-0.0178911	-0.0129372	
0.00908514	0.00930986	0.00942522	0.0094074	0.00924316	0.00890448	0.00835752	0.00756544	0.00649091	0.00509924	0.00336256	0.00126511	-0.0011911	-0.00398149	-0.00705626	-0.0103408	-0.0137396	-0.017143	-0.0204354	-0.0235037	-0.0262443	-0.0285678	-0.0304016	-0.0316907	-0.0323966	-0.0324959	-0.0319784	-0.030846	-0.0291245	-0.0268314	-0.0242685	-0.0220901	-0.016403	
0.00918192	0.00935026	0.00939336	0.0093152	0.00909907	0.00871328	0.00812014	0.00727837	0.00614544	0.00468071	0.00285025	0.000632955	-0.00197267	-0.00494255	-0.00822362	-0.0117342	-0.0153683	-0.0190045	-0.0225151	-0.0257777	-0.0286831	-0.0311413	-0.0330842	-0.034465	-0.0352556	-0.0354433	-0.0350252	-0.0340087	-0.0324277	-0.0302935	-0.0280062	-0.0265152	-0.0195337	
0.00944498	0.00954574	0.00951486	0.00938183	0.0091253	0.00870912	0.00809099	0.00722431	0.00606012	0.00455036	0.00265302	0.00033929	-0.00239833	-0.00553864	-0.00902708	-0.0127756	-0.0166677	-0.020568	-0.0243345	-0.027832	-0.0309423	-0.0335721	-0.0356553	-0.0371518	-0.0380432	-0.0383268	-0.038008	-0.0371021	-0.0356578	-0.0336833	-0.031728	-0.0312472	-0.0221613	
0.00984598	0.00987202	0.00976926	0.00958946	0.00930582	0.0088775	0.00825739	0.00739326	0.0062292	0.00470859	0.00277961	0.000403296	-0.00243691	-0.00572589	-0.00941047	-0.0133983	-0.0175626	-0.0217532	-0.0258111	-0.0295843	-0.0329415	-0.0357816	-0.038037	-0.0396721	-0.0406767	-0.0410584	-0.0408323	-0.0400258	-0.0387141	-0.0369092	-0.0353917	-0.0364902	-0.0241217	
0.0103455	0.0102946	0.0101256	0.00990879	0.00961191	0.0091897	0.00859078	0.00775777	0.00662795	0.00513577	0.00321836	0.000824249	-0.00207545	-0.0054757	-0.00932884	-0.0135415	-0.0179789	-0.0224759	-0.0268544	-0.0309416	-0.0345875	-0.0376776	-0.0401377	-0.041933	-0.0430596	-0.0435356	-0.0433878	-0.0426639	-0.0414822	-0.0398741	-0.0389782	-0.0426251	-0.0252617	
0.0108963	0.0107718	0.0105453	0.0103021	0.010005	0.00960559	0.0090493	0.00827491	0.00721396	0.00579252	0.00393622	0.00157944	-0.00132227	-0.00477846	-0.00875224	-0.0131545	-0.017846	-0.0226491	-0.0273652	-0.0317971	-0.0357702	-0.0391491	-0.0418461	-0.0438211	-0.0450737	-0.0456321	-0.045539	-0.0448726	-0.0438217	-0.0424628	-0.0424833	-0.0502603	-0.0254493	
0.0114481	0.011259	0.0109864	0.0107272	0.0104411	0.0100777	0.00958167	0.00888974	0.00792977	0.00662107	0.00487869	0.00262225	-0.000210685	-0.0036487	-0.00767178	-0.0122018	-0.0171019	-0.0221858	-0.0272361	-0.0320288	-0.0363586	-0.0400607	-0.0430243	-0.0451955	-0.0465714	-0.04719	-0.0471139	-0.0464679	-0.0455494	-0.0445205	-0.0458899	-0.0602506	-0.0245906	
0.0119523	0.0117133	0.011408	0.0111424	0.0108751	0.0105565	0.0101323	0.00954013	0.0087069	0.00754818	0.00597082	0.0038809	0.00119715	-0.00213155	-0.0061082	-0.0106739	-0.0157026	-0.0210075	-0.0263572	-0.0315016	-0.0362002	-0.0402493	-0.043503	-0.0458812	-0.0473695	-0.0480119	-0.0478958	-0.0472129	-0.0464197	-0.0458191	-0.0491043	-0.0736304	-0.0226581	
0.0123678	0.0120983	0.0117749	0.0115111	0.0112668	0.0109958	0.0106473	0.0101628	0.00947172	0.00848996	0.00712033	0.00525888	0.00280715	-0.000309782	-0.00412278	-0.0086004	-0.0136383	-0.0190599	-0.0246298	-0.0300769	-0.0351246	-0.0395234	-0.043078	-0.0456654	-0.0472447	-0.0478573	-0.0476175	-0.0468084	-0.0461037	-0.04601	-0.0518489	-0.0914184	-0.0197386	
0.0126656	0.0123885	0.0120621	0.0118064	0.0115853	0.0113582	0.0110806	0.0107001	0.0101527	0.00935909	0.00822376	0.00663867	0.00449317	0.00169088	-0.00182863	-0.00606786	-0.0109549	-0.0163377	-0.0219904	-0.0276331	-0.0329594	-0.0376714	-0.0415122	-0.0442961	-0.0459337	-0.0464452	-0.0459659	-0.0448929	-0.0441737	-0.044571	-0.0535157	-0.114278	-0.0160697	
0.0128328	0.0125724	0.0122574	0.0120139	0.0118124	0.0116198	0.0113992	0.0111071	0.0106888	0.0100743	0.00917633	0.00789055	0.00610256	0.00370164	0.000601347	-0.00323662	-0.00778097	-0.0129177	-0.0184487	-0.0241033	-0.0295611	-0.0344838	-0.0385485	-0.0414878	-0.0431367	-0.0434614	-0.0425932	-0.0410557	-0.0401021	-0.0407541	-0.0529919	-0.141998	-0.0119193	
0.0128742	0.0126534	0.0123625	0.0121331	0.0119444	0.0117718	0.0115873	0.011357	0.0110374	0.0105715	0.00988558	0.0088877	0.00747049	0.00552074	0.00293632	-0.00035103	-0.00435169	-0.00899893	-0.0141391	-0.0195333	-0.0248722	-0.0297993	-0.0339374	-0.0369325	-0.0385189	-0.03856	-0.0371249	-0.0348487	-0.0332605	-0.0335138	-0.048433	-0.172612	-0.00700632	
0.0128117	0.0126498	0.0123921	0.0121762	0.0119909	0.0118207	0.0116466	0.0114439	0.0111805	0.0108137	0.0102868	0.00952698	0.00844463	0.00693866	0.00490779	0.00226908	-0.00101924	-0.00493574	-0.00937914	-0.0141609	-0.0190112	-0.0235902	-0.0274993	-0.0303227	-0.0316949	-0.0313222	-0.0291108	-0.0257402	-0.0228505	-0.0213168	-0.0368515	-0.200839	0.000949334	
0.0126834	0.0125921	0.0123713	0.0121646	0.0119713	0.0117849	0.0115942	0.0113824	0.0111272	0.0107986	0.0103573	0.00975179	0.00891792	0.00777959	0.00625512	0.0042696	0.00177274	-0.00124068	-0.00471133	-0.00850234	-0.0123991	-0.016109	-0.0192567	-0.021425	-0.022204	-0.0211235	-0.0178124	-0.0128588	-0.00758034	-0.00156206	-0.0131413	-0.2155	0.0189987	
0.0125364	0.0125196	0.0123317	0.012125	0.0119105	0.0116898	0.0114578	0.0112035	0.0109109	0.0105594	0.010123	0.00956979	0.00886105	0.00795201	0.00679459	0.00534438	0.00357236	0.00148029	-0.000881058	-0.0033978	-0.00589078	-0.00810725	-0.00970885	-0.0103321	-0.00961168	-0.00695917	-0.00170998	0.00575896	0.0153339	0.0309595	0.0322336	-0.195635	0.0635626	
0.0124084	0.0124784	0.0123078	0.0120842	0.0118329	0.0115622	0.01127	0.0109479	0.0105826	0.010158	0.00965574	0.00905632	0.00834025	0.00748986	0.00649238	0.00534512	0.00406338	0.00269119	0.00131615	8.34147e-05	-0.000799238	-0.00104446	-0.000272058	0.00189423	0.00581733	0.0122031	0.0219258	0.0346716	0.0526482	0.0874682	0.117641	-0.104802	0.167075	
0.0124563	0.0125394	0.0123329	0.012063	0.0117583	0.0114258	0.0110626	0.010659	0.010201	0.00967232	0.00905606	0.00833708	0.00750467	0.0065562	0.00550203	0.0043724	0.00322655	0.00216416	0.00134032	0.000981423	0.00139796	0.00301684	0.00641803	0.0122532	0.02128	0.0348246	0.054611	0.0810343	0.118765	0.190733	0.276507	0.119571	0.381674	
0.0129156	0.012748	0.012415	0.0120679	0.0116976	0.0112989	0.0108634	0.0103776	0.00982362	0.0091814	0.00843064	0.00755382	0.00653971	0.00538797	0.00411521	0.00276307	0.00140897	0.000180298	-0.000725432	-0.00101268	-0.000252455	0.00217112	0.00712621	0.0157368	0.029499	0.0509815	0.0846535	0.13665	0.219988	0.367625	0.563473	0.590273	0.721521	
0.00645562	0.0131599	0.0126018	0.0121789	0.0117423	0.0112772	0.0107715	0.0102072	0.00956097	0.00880638	0.00791655	0.00686728	0.00564081	0.00423076	0.00264826	0.000929779	-0.000852963	-0.00258047	-0.00406854	-0.0050433	-0.00510395	-0.00366667	0.000117059	0.00746284	0.0201233	0.0409566	0.0752657	0.133389	0.235931	0.432519	0.802621	1.33017	0.203486	
